1 0 9 9
2 0 9 9
3 0 9 9
2 0 10 9
1 0 10 9
3 0 10 9
4 0 9 9
4 0 10 9
3 0 11 9
4 0 11 9
2 0 11 9
1 0 11 9
1 0 12 9
3 0 12 9
2 0 12 9
4 0 12 9
4 0 13 9
3 0 13 9
2 0 13 9
1 0 13 9
5 0 13 9
5 0 9 9
5 0 10 9
5 0 11 9
5 0 12 9
6 0 13 9
6 0 12 9
6 0 11 9
6 0 9 9
6 0 10 9
7 0 9 9
7 0 10 9
7 0 11 9
7 0 12 9
7 0 13 9
8 0 10 9
8 0 11 9
8 0 12 9
9 0 10 9
9 0 11 9
9 0 12 9
10 0 10 9
10 0 11 9
10 0 12 9
11 0 10 9
11 0 11 9
11 0 12 9
12 0 10 9
12 0 11 9
12 0 12 9
13 0 10 9
13 0 11 9
13 0 12 9
14 0 9 9
14 0 10 9
14 0 11 9
14 0 12 9
15 0 11 9
15 0 12 9
15 0 9 9
15 0 10 9
15 0 7 9
14 0 8 9
14 0 7 9
15 0 8 9
15 0 6 9
14 0 6 9
14 0 5 9
15 0 5 9
16 0 5 9
16 0 6 9
16 0 8 9
16 0 7 9
16 0 9 9
16 0 11 9
16 0 10 9
16 0 12 9
16 0 13 9
15 0 13 9
14 0 13 9
14 0 14 9
15 0 14 9
16 0 14 9
16 0 15 9
15 0 15 9
14 0 15 9
14 0 16 9
15 0 16 9
16 0 16 9
16 0 17 9
15 0 17 9
14 0 17 9
14 0 4 9
15 0 4 9
16 0 4 9
16 0 2 9
16 0 3 9
14 0 3 9
15 0 3 9
15 0 2 9
14 0 2 9
14 0 1 9
15 0 1 9
16 0 1 9
17 0 1 9
18 0 1 9
19 0 1 9
21 0 1 9
20 0 1 9
19 0 2 9
21 0 2 9
20 0 2 9
19 0 4 9
20 0 4 9
21 0 4 9
21 0 3 9
20 0 5 9
19 0 5 9
20 0 6 9
21 0 6 9
21 0 5 9
19 0 6 9
19 0 7 9
21 0 7 9
20 0 7 9
20 0 8 9
19 0 8 9
20 0 9 9
21 0 9 9
21 0 8 9
19 0 9 9
20 0 10 9
21 0 11 9
20 0 11 9
19 0 11 9
19 0 10 9
21 0 10 9
21 0 12 9
20 0 12 9
19 0 12 9
21 0 13 9
21 0 14 9
20 0 14 9
19 0 15 9
19 0 14 9
19 0 16 9
19 0 17 9
21 0 17 9
20 0 17 9
21 0 16 9
20 0 16 9
20 0 15 9
21 0 15 9
18 0 17 9
17 0 17 9
18 0 15 9
17 0 15 9
18 0 13 9
17 0 13 9
17 0 3 9
18 0 3 9
17 0 5 9
18 0 5 9
17 0 7 9
18 0 7 9
13 0 2 9
13 0 1 9
12 0 2 9
11 0 1 9
12 0 1 9
11 0 2 9
10 0 2 9
10 0 1 9
9 0 1 9
9 0 2 9
8 0 2 9
8 0 1 9
7 0 1 9
7 0 3 9
7 0 2 9
8 0 3 9
9 0 3 9
10 0 3 9
11 0 3 9
11 0 5 9
11 0 4 9
10 0 5 9
10 0 4 9
9 0 5 9
8 0 5 9
8 0 4 9
9 0 4 9
7 0 6 9
7 0 5 9
7 0 4 9
8 0 6 9
9 0 6 9
9 0 7 9
11 0 7 9
10 0 7 9
10 0 6 9
8 0 7 9
7 0 7 9
11 0 6 9
10 0 9 9
10 0 8 9
9 0 9 9
9 0 8 9
22 0 1 9
23 0 1 9
24 0 1 9
25 0 2 9
25 0 1 9
26 0 1 9
26 0 2 9
26 0 3 9
25 0 3 9
25 0 5 9
26 0 5 9
26 0 4 9
25 0 4 9
26 0 6 9
25 0 6 9
25 0 7 9
26 0 7 9
24 0 4 9
23 0 4 9
23 0 5 9
24 0 5 9
25 0 8 9
26 0 8 9
22 0 17 9
23 0 17 9
25 0 17 9
24 0 17 9
26 0 17 9
26 0 16 9
25 0 16 9
25 0 15 9
26 0 15 9
26 0 14 9
25 0 14 9
26 0 13 9
25 0 13 9
25 0 12 9
26 0 12 9
25 0 11 9
26 0 11 9
26 0 10 9
25 0 10 9
25 0 9 9
26 0 9 9
24 0 15 9
23 0 14 9
23 0 15 9
24 0 14 9
24 0 13 9
23 0 13 9
24 0 10 9
24 0 9 9
23 0 10 9
22 0 10 9
23 0 9 9
22 0 9 9
27 0 6 9
27 0 5 9
28 0 5 9
28 0 6 9
29 0 5 9
29 0 6 9
30 0 5 9
31 0 5 9
31 0 6 9
30 0 6 9
31 0 7 9
31 0 8 9
30 0 8 9
29 0 7 9
29 0 8 9
29 0 9 9
30 0 9 9
31 0 9 9
32 0 9 9
32 0 8 9
32 0 6 9
32 0 5 9
32 0 7 9
30 0 7 9
32 0 10 8
32 1 10 8
31 0 10 8
31 1 10 8
30 0 10 8
30 1 10 8
29 0 10 8
29 1 10 8
33 0 10 8
33 1 10 8
33 0 9 8
33 1 9 8
33 0 8 8
33 0 7 8
33 1 7 8
33 1 8 8
33 0 6 8
33 1 6 8
33 0 5 8
33 1 5 8
33 0 4 8
33 1 4 8
31 0 4 8
32 1 4 8
31 1 4 8
30 0 4 8
30 1 4 8
29 0 4 8
29 1 4 8
28 0 4 8
27 0 4 8
27 1 4 8
28 1 4 8
28 0 7 8
27 0 7 8
28 0 8 8
28 0 9 8
28 0 10 8
28 1 9 8
28 1 10 8
28 1 7 8
28 1 8 8
27 1 7 8
33 2 10 8
32 2 10 8
31 2 10 8
30 2 10 8
29 2 10 8
28 2 10 8
28 2 9 8
28 2 8 8
28 2 7 8
27 2 7 8
33 2 9 8
33 2 8 8
33 2 7 8
33 2 6 8
33 2 5 8
33 2 4 8
32 2 4 8
31 2 4 8
30 2 4 8
29 2 4 8
28 2 4 8
27 2 4 8
27 0 17 9
27 0 16 9
28 0 17 9
28 1 17 9
28 0 16 9
28 1 16 9
29 0 17 9
29 0 16 9
29 1 17 9
29 2 17 9
29 1 16 9
29 2 16 9
30 0 17 9
30 1 17 9
30 0 16 9
30 2 17 9
30 1 16 9
30 2 16 9
30 0 15 9
29 0 15 9
30 1 15 9
30 2 15 9
29 1 15 9
29 2 15 9
30 2 14 9
29 2 14 9
28 2 15 9
28 2 14 9
27 0 15 8
27 1 15 8
27 0 14 8
27 1 14 8
27 0 13 8
27 1 13 8
27 0 12 8
27 1 12 8
27 0 11 8
27 1 11 8
27 2 13 8
27 3 13 8
27 2 12 8
27 3 12 8
27 2 11 8
27 3 11 8
27 0 18 8
27 1 18 8
28 0 18 8
28 1 18 8
29 0 18 8
29 1 18 8
30 0 18 8
30 1 18 8
27 2 18 8
30 2 18 8
29 2 18 8
28 2 18 8
31 0 18 8
31 0 16 8
31 0 15 8
31 0 17 8
31 1 18 8
31 2 18 8
31 1 17 8
31 1 16 8
31 2 17 8
31 2 16 8
31 1 15 8
31 2 15 8
31 0 14 8
31 1 14 8
31 2 14 8
31 0 13 8
29 0 13 8
30 0 13 8
31 1 13 8
30 1 13 8
31 2 13 8
28 0 13 8
28 1 13 8
28 2 13 8
29 1 13 8
30 2 13 8
29 2 13 8
28 3 13 8
29 3 13 8
30 3 13 8
31 3 13 8
31 3 15 8
31 3 14 8
31 3 16 8
31 3 18 8
31 3 17 8
30 3 18 8
29 3 18 8
28 3 18 8
27 3 18 8
27 4 18 8
28 4 18 8
29 4 18 8
30 4 18 8
31 4 18 8
31 4 17 8
31 4 16 8
31 4 15 8
31 4 14 8
31 4 13 8
30 4 13 8
29 4 13 8
28 4 13 8
27 4 13 8
27 4 12 8
27 4 11 8
27 0 10 8
27 1 10 8
27 2 10 8
27 3 10 8
27 4 10 8
27 0 9 8
27 1 9 8
27 2 9 8
27 3 9 8
27 4 9 8
27 0 8 8
27 1 8 8
27 2 8 8
27 3 8 8
27 4 8 8
27 0 3 8
27 1 3 8
27 3 7 8
27 4 7 8
27 3 6 8
27 4 6 8
27 3 5 8
27 4 5 8
27 3 4 8
27 4 4 8
27 2 3 8
27 3 3 8
27 4 3 8
27 0 2 8
27 1 2 8
27 2 2 8
27 3 2 8
27 4 2 8
27 0 1 8
27 1 1 8
27 2 1 8
27 3 1 8
27 4 1 8
27 0 0 8
27 1 0 8
27 2 0 8
27 3 0 8
27 4 0 8
26 0 0 8
26 1 0 8
26 2 0 8
26 3 0 8
26 4 0 8
25 0 0 8
25 1 0 8
25 2 0 8
25 3 0 8
25 4 0 8
24 0 0 8
24 1 0 8
24 2 0 8
24 3 0 8
24 4 0 8
23 0 0 8
23 1 0 8
23 2 0 8
23 3 0 8
23 4 0 8
22 0 0 8
22 1 0 8
22 2 0 8
22 3 0 8
22 4 0 8
21 0 0 8
21 1 0 8
21 2 0 8
20 0 0 8
20 1 0 8
20 2 0 8
20 3 0 8
19 0 0 8
19 1 0 8
19 2 0 8
19 3 0 8
19 4 0 8
18 0 0 8
18 1 0 8
18 2 0 8
18 3 0 8
18 4 0 8
17 0 0 8
17 1 0 8
17 2 0 8
17 3 0 8
17 4 0 8
16 0 0 8
16 1 0 8
16 2 0 8
16 3 0 8
16 4 0 8
15 0 0 8
15 1 0 8
15 2 0 8
15 3 0 8
15 4 0 8
14 0 0 8
14 1 0 8
14 2 0 8
14 3 0 8
14 4 0 8
13 0 3 8
13 1 3 8
13 2 3 8
13 3 3 8
13 4 3 8
13 0 0 8
13 1 0 8
13 2 0 8
13 3 0 8
13 4 0 8
13 0 4 8
13 0 5 8
13 0 6 8
13 0 7 8
13 0 9 8
13 0 8 8
13 1 9 8
13 1 8 8
13 1 7 8
13 1 6 8
13 1 5 8
13 1 4 8
13 2 4 8
13 2 5 8
13 2 6 8
13 2 8 8
13 2 9 8
13 2 7 8
13 3 5 8
13 3 4 8
13 4 4 8
13 4 5 8
13 3 6 8
13 4 6 8
13 3 7 8
13 4 7 8
13 3 8 8
13 4 8 8
13 3 9 8
13 4 9 8
13 0 13 8
13 1 13 8
13 2 13 8
13 3 13 8
13 4 13 8
13 0 14 8
13 0 15 8
13 0 16 8
13 0 17 8
13 1 17 8
13 1 16 8
13 1 15 8
13 1 14 8
13 2 14 8
13 2 15 8
13 2 16 8
13 2 17 8
13 3 17 8
13 3 16 8
13 3 15 8
13 3 14 8
13 4 14 8
13 4 15 8
13 4 16 8
13 4 17 8
13 3 12 8
13 3 11 8
13 3 10 8
13 4 12 8
13 4 11 8
13 4 10 8
13 3 2 8
13 3 1 8
13 4 2 8
13 4 1 8
26 0 18 8
26 1 18 8
26 2 18 8
26 3 18 8
26 4 18 8
25 0 18 8
25 1 18 8
25 2 18 8
25 3 18 8
25 4 18 8
24 0 18 8
24 1 18 8
24 2 18 8
24 3 18 8
24 4 18 8
23 0 18 8
23 1 18 8
23 2 18 8
23 3 18 8
23 4 18 8
22 0 18 8
22 1 18 8
22 2 18 8
22 3 18 8
22 4 18 8
21 0 18 8
21 1 18 8
21 2 18 8
21 3 18 8
21 4 18 8
20 0 18 8
20 1 18 8
20 2 18 8
20 3 18 8
20 4 18 8
19 0 18 8
19 1 18 8
19 2 18 8
19 3 18 8
19 4 18 8
17 0 18 8
18 0 18 8
18 1 18 8
18 2 18 8
18 3 18 8
18 4 18 8
17 1 18 8
17 2 18 8
17 3 18 8
17 4 18 8
16 0 18 8
16 1 18 8
16 2 18 8
16 3 18 8
16 4 18 8
13 0 18 8
13 1 18 8
13 2 18 8
13 3 18 8
13 4 18 8
15 0 18 8
14 0 18 8
15 1 18 8
14 1 18 8
15 2 18 8
14 2 18 8
15 3 18 8
14 3 18 8
15 4 18 8
14 4 18 8
22 0 3 0
22 1 3 0
22 0 4 0
22 1 4 0
22 0 5 0
22 1 5 0
22 0 6 0
22 1 6 0
23 0 7 0
22 0 7 0
23 1 7 0
22 1 7 0
24 0 7 0
24 1 7 0
24 0 11 0
24 1 11 0
24 0 12 0
24 1 12 0
23 0 11 0
23 1 11 0
23 0 12 0
23 1 12 0
22 0 11 0
22 1 11 0
22 0 12 0
22 1 12 0
22 0 13 0
22 1 13 0
22 0 14 0
22 1 14 0
22 0 15 0
22 1 15 0
22 0 16 0
22 1 16 0
24 0 16 0
24 1 16 0
23 0 16 0
23 1 16 0
27 3 14 9
27 3 15 9
26 3 15 9
26 3 14 9
26 3 12 9
26 3 13 9
26 3 11 9
26 3 10 9
26 3 9 9
26 3 8 9
26 3 7 9
26 3 6 9
26 3 5 9
26 3 3 9
26 3 4 9
26 3 2 9
26 3 1 9
25 3 1 9
25 3 2 9
25 3 3 9
25 3 6 9
25 3 5 9
25 3 4 9
25 3 7 9
25 3 8 9
25 3 9 9
25 3 10 9
25 3 11 9
25 3 12 9
25 3 13 9
25 3 14 9
25 3 15 9
26 3 16 9
25 3 16 9
26 3 17 9
25 3 17 9
12 0 13 8
12 1 13 8
12 2 13 8
11 0 13 8
11 1 13 8
11 2 13 8
10 0 13 8
10 1 13 8
10 2 13 8
9 0 13 8
8 0 13 8
8 1 13 8
8 2 13 8
8 0 14 8
8 1 14 8
8 2 14 8
7 0 14 8
7 1 14 8
7 2 14 8
6 0 14 8
6 1 14 8
6 2 14 8
5 1 14 8
5 2 14 8
4 0 14 8
4 1 14 8
4 2 14 8
2 0 14 8
3 0 14 8
2 1 14 8
3 1 14 8
2 2 14 8
3 2 14 8
1 0 14 8
1 1 14 8
1 2 14 8
0 0 14 8
0 0 13 8
0 0 10 8
0 0 9 8
0 0 11 8
0 0 12 8
0 1 14 8
0 1 13 8
0 1 12 8
0 1 10 8
0 1 11 8
0 1 9 8
0 2 9 8
0 2 10 8
0 2 11 8
0 2 12 8
0 2 14 8
0 2 13 8
8 0 9 8
8 1 9 8
8 0 8 8
8 1 8 8
7 0 8 8
7 1 8 8
8 2 9 8
8 2 8 8
7 2 8 8
6 0 8 8
6 1 8 8
6 2 8 8
5 0 8 8
5 1 8 8
5 2 8 8
4 0 8 8
4 1 8 8
4 2 8 8
3 0 8 8
3 1 8 8
3 2 8 8
2 0 8 8
2 1 8 8
2 2 8 8
1 0 8 8
1 1 8 8
1 2 8 8
0 0 8 8
0 1 8 8
0 2 8 8
6 0 1 8
6 0 2 8
6 0 3 8
6 0 5 8
6 0 6 8
6 0 7 8
6 0 4 8
6 1 2 8
6 1 1 8
6 1 3 8
6 2 2 8
6 2 1 8
6 2 3 8
6 1 4 8
6 2 4 8
6 1 5 8
6 2 5 8
6 1 6 8
6 2 6 8
6 1 7 8
6 2 7 8
11 0 9 8
12 0 9 8
12 1 9 8
12 2 9 8
11 1 9 8
11 2 9 8
11 0 8 8
11 1 8 8
12 0 3 8
12 1 3 8
12 2 3 8
12 0 4 8
12 1 4 8
12 2 4 8
12 0 5 8
12 1 5 8
12 2 5 8
12 0 6 8
12 1 6 8
12 2 6 8
12 0 7 8
12 1 7 8
12 2 7 8
12 0 8 8
12 1 8 8
12 2 8 8
11 2 8 8
12 0 0 8
12 1 0 8
12 2 0 8
11 0 0 8
11 1 0 8
11 2 0 8
10 0 0 8
10 1 0 8
9 0 0 8
8 0 0 8
7 0 0 8
6 0 0 8
6 1 0 8
6 2 0 8
7 1 0 8
7 2 0 8
8 1 0 8
8 2 0 8
9 1 0 8
9 2 0 8
10 2 0 8
31 5 13 8
31 5 14 8
31 5 15 8
31 5 16 8
31 5 17 8
31 5 18 8
29 5 18 8
30 5 18 8
28 5 18 8
27 5 18 8
26 5 18 8
25 5 18 8
24 5 18 8
23 5 18 8
22 5 18 8
21 5 18 8
20 5 18 8
19 5 18 8
18 5 18 8
17 5 18 8
16 5 18 8
15 5 18 8
14 5 18 8
13 5 18 8
13 5 17 8
13 5 16 8
13 5 14 8
13 5 15 8
13 5 13 8
13 5 12 8
13 5 11 8
13 5 10 8
13 5 9 8
13 5 8 8
13 5 7 8
13 5 6 8
13 5 5 8
13 5 4 8
13 5 3 8
13 5 2 8
13 5 1 8
13 5 0 8
14 5 0 8
15 5 0 8
16 5 0 8
18 5 0 8
17 5 0 8
19 5 0 8
22 5 0 8
23 5 0 8
24 5 0 8
25 5 0 8
27 5 0 8
26 5 0 8
27 5 1 8
27 5 2 8
27 5 3 8
27 5 4 8
27 5 5 8
27 5 6 8
27 5 7 8
27 5 8 8
27 5 9 8
27 5 10 8
27 5 11 8
27 5 12 8
30 5 13 8
29 5 13 8
28 5 13 8
27 5 13 8
18 0 2 3
17 0 2 3
17 1 2 3
18 1 2 3
17 2 2 3
18 2 2 3
18 0 4 3
17 0 4 3
18 1 4 3
17 1 4 3
18 2 4 3
17 2 4 3
18 0 6 3
17 0 6 3
18 1 6 3
17 1 6 3
18 2 6 3
17 2 6 3
18 0 14 3
17 0 14 3
18 1 14 3
17 1 14 3
18 2 14 3
17 2 14 3
18 0 16 3
17 0 16 3
18 1 16 3
17 1 16 3
18 2 16 3
17 2 16 3
18 0 8 3
17 0 8 3
18 1 8 3
17 1 8 3
18 0 12 3
17 0 12 3
18 1 12 3
17 1 12 3
18 2 12 3
17 2 12 3
18 0 11 9
17 0 11 9
18 0 10 3
17 0 10 3
18 1 10 3
17 1 10 3
18 2 8 3
17 2 8 3
18 2 10 3
17 2 10 3
18 0 9 0
17 0 9 0
18 1 9 0
17 1 9 0
23 0 2 0
22 0 2 0
24 0 2 0
23 1 2 0
22 1 2 0
24 1 2 0
24 0 3 9
23 0 3 9
24 0 6 0
23 0 6 0
24 1 6 0
23 1 6 0
24 0 8 9
23 0 8 9
22 0 8 9
22 2 7 0
22 3 7 0
22 4 7 0
22 2 11 0
22 3 11 0
22 4 11 0
22 4 8 0
22 4 9 0
22 4 10 0
20 0 13 9
19 0 13 9
20 0 3 9
19 0 3 9
27 2 14 8
27 2 15 8
20 4 0 8
20 5 0 8
21 3 0 8
21 4 0 8
21 5 0 8
5 0 14 8
9 1 13 8
9 2 13 8
12 3 0 5
12 3 1 5
12 3 2 5
12 3 3 5
11 3 0 5
11 3 1 5
11 3 2 5
12 3 4 5
11 3 3 5
11 3 4 5
12 3 5 5
12 3 6 5
12 3 7 5
12 3 8 5
12 3 9 5
11 3 9 5
11 3 8 5
11 3 7 5
11 3 6 5
11 3 5 5
10 3 0 5
9 3 0 5
8 3 0 5
7 3 0 5
6 3 0 5
10 3 1 5
9 3 1 5
10 3 3 5
8 3 1 5
9 3 3 5
7 3 1 5
6 3 1 5
7 3 2 5
6 3 2 5
8 3 3 5
9 3 4 5
10 3 5 5
10 3 6 5
7 3 3 5
6 3 3 5
7 3 4 5
6 3 4 5
9 3 5 5
9 3 6 5
8 3 5 5
8 3 6 5
7 3 5 5
7 3 6 5
6 3 5 5
6 3 6 5
10 3 7 5
9 3 7 5
8 3 7 5
7 3 7 5
6 3 7 5
8 3 8 5
8 3 9 5
7 3 8 5
6 3 8 5
5 3 8 5
9 3 2 5
4 3 8 5
3 3 8 5
2 3 8 5
1 3 8 5
0 3 8 5
10 3 9 5
10 3 8 5
9 3 8 5
9 3 9 5
12 3 10 5
12 3 11 5
12 3 12 5
12 3 13 5
11 3 10 5
11 3 11 5
11 3 12 5
11 3 13 5
10 3 10 5
10 3 11 5
10 3 12 5
10 3 13 5
9 3 10 5
8 3 10 5
9 3 11 5
9 3 12 5
9 3 13 5
8 3 13 5
8 3 14 5
8 3 11 5
8 3 12 5
7 3 14 5
6 3 14 5
5 3 14 5
4 3 14 5
3 3 14 5
2 3 14 5
1 3 14 5
0 3 14 5
7 3 9 5
7 3 10 5
7 3 11 5
7 3 12 5
7 3 13 5
6 3 9 5
6 3 10 5
6 3 12 5
6 3 13 5
5 3 9 5
5 3 10 5
5 3 12 5
5 3 13 5
4 3 9 5
4 3 10 5
4 3 12 5
4 3 13 5
3 3 9 5
3 3 10 5
3 3 12 5
3 3 13 5
2 3 9 5
2 3 10 5
1 3 9 5
0 3 9 5
1 3 10 5
0 3 10 5
2 3 11 5
1 3 11 5
0 3 11 5
2 3 12 5
2 3 13 5
1 3 12 5
1 3 13 5
0 3 12 5
0 3 13 5
28 3 10 5
28 3 9 5
28 3 7 5
28 3 8 5
28 3 4 5
28 3 5 5
28 3 6 5
29 3 10 5
29 3 9 5
29 3 8 5
29 3 7 5
29 3 6 5
29 3 4 5
29 3 5 5
31 3 4 5
32 3 4 5
33 3 4 5
33 3 5 5
33 3 6 5
33 3 8 5
33 3 7 5
33 3 9 5
33 3 10 5
32 3 10 5
30 3 10 5
31 3 10 5
30 3 4 5
32 3 5 5
32 3 6 5
32 3 7 5
32 3 8 5
32 3 9 5
30 3 8 5
31 3 8 5
30 3 6 5
31 3 6 5
15 1 16 4
15 1 2 4
24 1 9 4
24 1 14 4
24 1 4 4
25 4 2 4
25 4 16 4
31 1 7 4
3 1 11 4
8 1 2 4
20 1 9 4
32 0 4 8
31 6 18 5
31 6 17 5
31 6 16 5
31 6 15 5
31 6 14 5
31 6 13 5
30 6 18 5
30 6 17 5
30 6 16 5
30 6 15 5
30 6 14 5
30 6 13 5
29 6 18 5
29 6 17 5
29 6 16 5
29 6 15 5
29 6 14 5
29 6 13 5
28 6 18 5
27 6 18 5
27 6 17 5
28 6 17 5
27 6 16 5
28 6 16 5
27 6 15 5
28 6 15 5
27 6 14 5
28 6 14 5
27 6 13 5
28 6 13 5
26 6 18 5
25 6 18 5
24 6 18 5
23 6 18 5
22 6 18 5
21 6 18 5
19 6 18 5
20 6 18 5
17 6 18 5
16 6 18 5
14 6 18 5
13 6 18 5
13 6 17 5
15 6 18 5
18 6 18 5
13 6 16 5
13 6 15 5
13 6 14 5
13 6 13 5
13 6 12 5
13 6 11 5
13 6 10 5
13 6 9 5
13 6 7 5
13 6 8 5
13 6 6 5
13 6 5 5
13 6 4 5
13 6 3 5
13 6 2 5
13 6 0 5
13 6 1 5
14 6 0 5
15 6 0 5
16 6 0 5
17 6 0 5
18 6 0 5
19 6 0 5
20 6 0 5
21 6 0 5
23 6 0 5
22 6 0 5
24 6 0 5
25 6 0 5
26 6 0 5
27 6 0 5
27 6 1 5
27 6 2 5
27 6 3 5
27 6 4 5
27 6 5 5
27 6 6 5
27 6 7 5
27 6 8 5
27 6 9 5
27 6 10 5
27 6 11 5
27 6 12 5
26 6 17 5
26 6 16 5
26 6 15 5
26 6 14 5
26 6 13 5
26 6 12 5
26 6 9 5
26 6 11 5
26 6 10 5
26 6 8 5
26 6 7 5
26 6 6 5
26 6 5 5
26 6 4 5
26 6 3 5
26 6 2 5
26 6 1 5
14 6 17 5
14 6 16 5
14 6 15 5
14 6 14 5
14 6 13 5
14 6 12 5
14 6 11 5
14 6 10 5
14 6 9 5
14 6 8 5
14 6 7 5
14 6 6 5
14 6 5 5
14 6 4 5
14 6 3 5
14 6 2 5
14 6 1 5
15 6 1 5
16 6 1 5
17 6 1 5
18 6 1 5
19 6 1 5
20 6 1 5
21 6 1 5
22 6 1 5
23 6 1 5
24 6 1 5
25 6 1 5
15 6 17 5
16 6 17 5
17 6 17 5
18 6 17 5
19 6 17 5
20 6 17 5
21 6 17 5
22 6 17 5
23 6 17 5
24 6 17 5
25 6 17 5
15 6 16 5
15 6 15 5
15 6 14 5
15 6 13 5
15 6 12 5
15 6 11 5
15 6 10 5
15 6 9 5
15 6 8 5
15 6 7 5
15 6 6 5
15 6 5 5
15 6 4 5
15 6 2 5
15 6 3 5
25 6 16 5
25 6 15 5
25 6 14 5
25 6 13 5
25 6 12 5
25 6 11 5
25 6 10 5
25 6 9 5
25 6 8 5
25 6 7 5
25 6 6 5
25 6 4 5
25 6 5 5
25 6 3 5
25 6 2 5
16 6 16 5
17 6 16 5
18 6 16 5
19 6 16 5
20 6 16 5
21 6 16 5
22 6 16 5
23 6 16 5
24 6 16 5
16 6 2 5
17 6 2 5
18 6 2 5
19 6 2 5
20 6 2 5
21 6 2 5
22 6 2 5
23 6 2 5
24 6 2 5
